021053939
061121423
104989933
011001438
011302221
011303123
011307080
011501721
011600392
011701084
011701107
011701398
021000238
021030017
021030046
021033409
021055966
021080119
021080407
021080436
021080708
021081244
021081341
021081875
021081914
021081943
021081956
021081969
021082023
021082214
021082395
021082405
021082434
021082573
021082748
021082874
021084005
021086278
021086582
021086595
021086786
021087044
021087057
021087112
021087154
021087222
021087248
021087361
021087439
021087442
021087497
021087549
021087594
021087659
021087989
021088331
021088344
021088357
021088535
021089644
021089657
021089835
021089848
021089851
021089864
021103986
021114661
021206469
021213368
021214105
021272707
021312971
021606713
026002749
026002765
026003450
026004077
026004174
026004747
026005665
026005872
026008057
026008303
026008316
026008895
026009247
026009470
026009580
026009687
026009823
026010100
026010252
026010757
026010883
026011413
026012564
026013783
026013806
026013835
026014643
026014656
026014973
026069753
026073040
026510011
026510024
026510228
026510419
026510422
026510435
031100212
031100238
031100762
031101198
031176097
031207526
031207681
031288930
031289272
031309602
031376088
031902041
031918653
031976161
036018558
036076053
041202883
041205644
041215595
041284461
042074573
042102283
042102733
042202138
043202409
043209431
044030023
044204286
051402767
051405269
051406064
051409375
051474025
051503857
052102176
053111535
053112107
053112440
053112628
053201924
053207685
053274142
054000522
055073529
055073642
055080363
055080415
057002378
061003415
061004812
061019742
061020692
061020919
061021358
061092691
061100334
061100473
061100619
061100664
061102798
061103292
061103519
061103577
061103632
061103674
061103742
061104246
061104505
061104660
061104806
061105193
061105818
061105960
061106066
061110793
061111271
061119927
061120071
061120165
061120181
061120204
061120259
061120262
061120275
061120385
061120398
061192397
061192834
061200030
061200878
061203231
061204625
061205912
061210871
061211074
061211265
061211511
061212633
061213357
061220599
061300419
062041861
062104355
062202558
062205607
063002346
063100727
063101344
063105094
063105269
063105308
063106569
063110843
063111648
063112032
063112281
063112498
063112582
063112692
063112702
063113251
063113329
063113345
063113455
063113549
063113905
063114629
063114881
063115877
063206090
064101686
064101958
064102481
064103781
064104065
064104104
064108540
064200969
064201609
064203241
064203351
064207441
065000029
065040898
065200175
065304026
065403325
065403532
065403781
066000604
066010296
066010607
066010694
066010801
066011570
066014409
066015107
066015301
066015330
066015518
066016012
067001356
067001479
067014097
067014233
067014291
067091942
067092527
067092682
071001368
071002011
071025629
071025771
071026343
071026495
071102830
071106205
071107738
071109325
071109684
071109927
071110136
071110712
071113117
071114378
071118918
071120252
071121675
071122043
071124368
071125956
071174499
071901594
071910239
071915454
071915797
071922829
071925059
071925305
071925473
071925606
071926728
071974424
071974440
071974453
072403347
072403402
072410194
072410987
072411436
072412655
072413780
072413861
072413874
072413890
072414048
072414077
072414145
073901408
073901550
073901990
073903396
073903642
073904298
073904777
073905284
073906513
073909905
073910075
073911977
073913069
073917010
073917492
073921145
073921242
073922791
073922937
073983183
074902299
074906347
074906622
074910728
074913084
074913301
074913916
074914229
074914397
075000996
075011736
075901079
075901859
075902515
075902654
075904076
075904869
075905460
075906883
075907727
075909903
075910206
075910905
075910989
075918091
081000171
081001442
081006382
081019201
081086739
081201666
081203842
081205235
081205248
081205374
081206551
081207327
081207521
081208436
081222137
081504059
081504635
081512902
081513121
081518715
081907135
081907892
081912722
082001522
082903714
082903840
082908861
083900428
083900538
083900774
083901281
083901362
083901582
083901663
083901977
083903412
083906710
083908019
084007427
084102115
084108711
084202756
084205339
084303723
086300025
091017099
091017170
091204116
091204637
091206790
091207566
091207977
091214889
091216337
091216366
091304870
091306580
091350044
091402455
091406668
091409186
091802592
091802880
091804804
091806792
091810856
091905169
091905486
091910633
091911483
091916802
091917377
091917461
092001677
092101014
092101603
092104875
092901272
092901638
096017340
101000572
101000912
101003621
101014759
101044402
101050140
101100663
101103440
101103576
101104193
101105147
101110116
101111720
101114455
101114523
101115069
101208646
101219473
101904212
102040890
102089534
102103928
102300501
102301209
102301979
102305412
102307096
103102041
103102287
104089477
104102260
104107016
104114067
104901487
104912201
104913051
104913909
107001737
107003382
107006499
107006596
107006952
107007029
111024483
111024755
111102347
111150027
111308219
111318704
111320349
111321050
111321924
111903067
111904545
111905243
111905395
111914742
111915657
111917804
111920095
111924127
111925058
111925168
111925773
111994212
112304513
112306812
112322074
113002186
113002908
113005264
113011591
113012419
113015759
113019920
113103182
113108815
113110337
113111080
113113318
113121876
113122956
113123191
113194159
114000844
114904102
114910141
114916239
114917733
114925026
114993566
114994028
116311489
121002262
121026921
121034256
121036843
121039484
121040114
121041430
121045009
121101082
121106906
121135346
121138181
121138961
121139517
121139892
121140030
121141657
121141738
121142766
121143257
121143749
121144382
121202224
121301691
121405157
122034268
122034284
122037139
122039645
122042218
122042234
122058040
122105359
122105650
122105702
122105786
122105977
122106028
122106138
122106196
122106345
122187351
122187380
122187649
122201444
122229439
122233276
122233645
122237353
122238488
122239005
122239801
122240599
122241569
122241954
122242416
122243363
122243473
122243509
122243855
122243949
122244508
122251012
122287015
122287196
122287484
122301331
122401668
122401794
122401820
122401833
122402010
122402094
122487132
122487569
123006622
123006664
123006839
123204550
123206749
123206752
123307486
123900087
124084627
124084669
124084737
124084818
124084889
124084944
124085037
124085053
124085134
124103854
124201769
124300741
124302998
124384592
124384712
124384848
124384990
124385070
124385258
125001829
125008330
125008518
125040880
125102689
125106151
125108007
125108049
125108120
125108418
155000007
211081232
211170415
211371942
211392170
211774691
221271317
221272604
221381838
221672916
221970993
221980996
222383505
226073523
231170136
231371786
231380625
231386506
236073335
236083493
241084270
241278743
241279234
242070908
242076698
242176103
243073988
243374140
243384897
244077679
244170262
251484323
252071201
252076808
254074578
255079514
256078271
261170070
261170656
263182082
263184873
263191112
267085619
267090620
271070953
271071017
271071101
271170044
271173041
271970053
271971528
271971832
271974004
272476556
272477717
273082677
274070413
274070442
274970225
274970322
274970335
274971761
275072012
275971003
275971650
275983088
281050141
281271108
281970865
283971930
283972544
291378703
291582861
291970305
301082688
303087623
304072080
307076410
307076436
312081021
312081186
312090889
312270418
313071904
313083112
313087244
313150016
313187607
321081546
321171595
321171689
321172853
321175038
321177418
321184427
321370655
322186628
322270084
322270987
322271041
322271999
322285448
322286007
322286065
322286214
322286434
322286667
322484126
322484155
324078268
324370500
324370513
324370607
324377192
325081652